,SiteName,Month,MCU,equipement,footage,pm,Total
24,S1AC0112016,1.0,575.0,0.0,20000.0,0.0,20575.0
601,S1AC0165602,1.0,0.0,0.0,19000.0,0.0,19000.0
248,S1AC0122903,1.0,575.0,0.0,18000.0,0.0,18575.0
172,S1AC0119302,2.0,0.0,0.0,18000.0,0.0,18000.0
308,S1AC0126103,1.0,1150.0,0.0,15000.0,0.0,16150.0
367,S1AC0128802,1.0,575.0,0.0,15000.0,0.0,15575.0
334,S1AC0126708,1.0,0.0,500.0,15000.0,0.0,15500.0
10,S1AC0111605,1.0,2300.0,0.0,9500.0,0.0,11800.0
45,S1AC0112906,1.0,575.0,0.0,11000.0,0.0,11575.0
99,S1AC0115705,1.0,0.0,0.0,11500.0,0.0,11500.0
672,S1AC0183901,1.0,1150.0,0.0,10000.0,0.0,11150.0
675,S1AC0187102,1.0,0.0,0.0,11000.0,0.0,11000.0
14,S1AC0111909,1.0,575.0,0.0,10000.0,0.0,10575.0
204,S1AC0119804,1.0,575.0,0.0,10000.0,0.0,10575.0
376,S1AC0129803,1.0,575.0,0.0,10000.0,0.0,10575.0
364,S1AC0128705,3.0,0.0,0.0,10000.0,500.0,10500.0
552,S1AC0160802,3.0,0.0,0.0,10000.0,500.0,10500.0
347,S1AC0127607,3.0,0.0,0.0,10000.0,0.0,10000.0
628,S1AC0170101,1.0,0.0,0.0,10000.0,0.0,10000.0
554,S1AC0161304,1.0,0.0,0.0,10000.0,0.0,10000.0
661,S1AC0179802,1.0,0.0,0.0,10000.0,0.0,10000.0
365,S1AC0128706,1.0,0.0,0.0,10000.0,0.0,10000.0
305,S1AC0125805,1.0,0.0,0.0,10000.0,0.0,10000.0
148,S1AC0118101,1.0,0.0,0.0,10000.0,0.0,10000.0
590,S1AC0165007,1.0,575.0,0.0,8500.0,0.0,9075.0
97,S1AC0115603,1.0,0.0,0.0,9000.0,0.0,9000.0
618,S1AC0167502,1.0,0.0,0.0,8000.0,0.0,8000.0
62,S1AC0114101,1.0,0.0,0.0,7000.0,500.0,7500.0
666,S1AC0182103,1.0,0.0,0.0,7500.0,0.0,7500.0
330,S1AC0126703,1.0,0.0,0.0,7000.0,0.0,7000.0
614,S1AC0166504,1.0,575.0,0.0,6000.0,0.0,6575.0
110,S1AC0116004,1.0,1150.0,0.0,5000.0,0.0,6150.0
668,S1AC0182302,1.0,0.0,0.0,5500.0,0.0,5500.0
130,S1AC0117004,1.0,0.0,0.0,5000.0,0.0,5000.0
76,S1AC0114903,1.0,0.0,0.0,5000.0,0.0,5000.0
457,S1AC0142204,2.0,575.0,0.0,4000.0,0.0,4575.0
535,S1AC0149102,2.0,4025.0,0.0,0.0,0.0,4025.0
481,S1AC0143504,1.0,4025.0,0.0,0.0,0.0,4025.0
304,S1AC0125803,1.0,0.0,0.0,4000.0,0.0,4000.0
60,S1AC0114002,1.0,0.0,0.0,4000.0,0.0,4000.0
313,S1AC0126206,1.0,0.0,0.0,4000.0,0.0,4000.0
665,S1AC0182102,3.0,2300.0,0.0,1000.0,0.0,3300.0
83,S1AC0115106,1.0,1150.0,0.0,2000.0,0.0,3150.0
633,S1AC0171102,1.0,0.0,0.0,3000.0,0.0,3000.0
165,S1AC0119012,1.0,0.0,0.0,3000.0,0.0,3000.0
139,S1AC0117305,1.0,0.0,0.0,3000.0,0.0,3000.0
115,S1AC0116103,1.0,0.0,0.0,3000.0,0.0,3000.0
379,S1AC0129805,3.0,2875.0,0.0,0.0,0.0,2875.0
184,S1AC0119602,2.0,2875.0,0.0,0.0,0.0,2875.0
378,S1AC0129805,2.0,2875.0,0.0,0.0,0.0,2875.0
466,S1AC0142603,1.0,2875.0,0.0,0.0,0.0,2875.0
120,S1AC0116602,2.0,2875.0,0.0,0.0,0.0,2875.0
455,S1AC0142203,1.0,1725.0,0.0,1000.0,0.0,2725.0
16,S1AC0111910,1.0,0.0,0.0,2700.0,0.0,2700.0
375,S1AC0129802,1.0,575.0,0.0,2000.0,0.0,2575.0
319,S1AC0126405,3.0,2300.0,0.0,0.0,0.0,2300.0
151,S1AC0118210,1.0,2300.0,0.0,0.0,0.0,2300.0
650,S1AC0175002,3.0,2300.0,0.0,0.0,0.0,2300.0
681,S1AC0411801,1.0,2300.0,0.0,0.0,0.0,2300.0
214,S1AC0119809,2.0,1725.0,500.0,0.0,0.0,2225.0
158,S1AC0118803,1.0,1725.0,500.0,0.0,0.0,2225.0
123,S1AC0116703,1.0,0.0,0.0,2000.0,0.0,2000.0
43,S1AC0112905,1.0,0.0,0.0,2000.0,0.0,2000.0
458,S1AC0142204,3.0,0.0,0.0,2000.0,0.0,2000.0
516,S1AC0146804,3.0,1725.0,0.0,0.0,0.0,1725.0
202,S1AC0119713,2.0,1725.0,0.0,0.0,0.0,1725.0
534,S1AC0149102,1.0,1725.0,0.0,0.0,0.0,1725.0
299,S1AC0125706,1.0,1725.0,0.0,0.0,0.0,1725.0
296,S1AC0125507,3.0,1725.0,0.0,0.0,0.0,1725.0
485,S1AC0143505,3.0,1725.0,0.0,0.0,0.0,1725.0
528,S1AC0148009,1.0,1725.0,0.0,0.0,0.0,1725.0
359,S1AC0128303,3.0,1725.0,0.0,0.0,0.0,1725.0
611,S1AC0166203,3.0,1725.0,0.0,0.0,0.0,1725.0
539,S1AC0149803,3.0,1725.0,0.0,0.0,0.0,1725.0
265,S1AC0123509,3.0,1725.0,0.0,0.0,0.0,1725.0
483,S1AC0143504,3.0,1725.0,0.0,0.0,0.0,1725.0
109,S1AC0116001,3.0,1725.0,0.0,0.0,0.0,1725.0
526,S1AC0148005,2.0,1725.0,0.0,0.0,0.0,1725.0
467,S1AC0142603,2.0,1725.0,0.0,0.0,0.0,1725.0
119,S1AC0116602,1.0,1725.0,0.0,0.0,0.0,1725.0
235,S1AC0120810,3.0,1725.0,0.0,0.0,0.0,1725.0
524,S1AC0148004,3.0,1725.0,0.0,0.0,0.0,1725.0
194,S1AC0119702,2.0,1725.0,0.0,0.0,0.0,1725.0
479,S1AC0143402,2.0,1725.0,0.0,0.0,0.0,1725.0
193,S1AC0119702,1.0,1725.0,0.0,0.0,0.0,1725.0
667,S1AC0182104,3.0,1725.0,0.0,0.0,0.0,1725.0
405,S1AC0132203,3.0,1725.0,0.0,0.0,0.0,1725.0
56,S1AC0113504,1.0,1725.0,0.0,0.0,0.0,1725.0
573,S1AC0164003,3.0,1725.0,0.0,0.0,0.0,1725.0
146,S1AC0117705,2.0,1725.0,0.0,0.0,0.0,1725.0
3,S1AC0111402,2.0,1725.0,0.0,0.0,0.0,1725.0
655,S1AC0177503,1.0,1725.0,0.0,0.0,0.0,1725.0
431,S1AC0140304,3.0,1150.0,500.0,0.0,0.0,1650.0
300,S1AC0125706,3.0,1150.0,500.0,0.0,0.0,1650.0
514,S1AC0146503,2.0,575.0,0.0,1000.0,0.0,1575.0
38,S1AC0112802,2.0,575.0,0.0,1000.0,0.0,1575.0
289,S1AC0125203,2.0,575.0,0.0,1000.0,0.0,1575.0
72,S1AC0114401,1.0,0.0,0.0,1500.0,0.0,1500.0
215,S1AC0119809,3.0,1150.0,0.0,0.0,0.0,1150.0
167,S1AC0119012,3.0,1150.0,0.0,0.0,0.0,1150.0
623,S1AC0168903,3.0,1150.0,0.0,0.0,0.0,1150.0
486,S1AC0143601,1.0,1150.0,0.0,0.0,0.0,1150.0
510,S1AC0146301,1.0,1150.0,0.0,0.0,0.0,1150.0
635,S1AC0171902,1.0,1150.0,0.0,0.0,0.0,1150.0
211,S1AC0119808,2.0,1150.0,0.0,0.0,0.0,1150.0
213,S1AC0119809,1.0,1150.0,0.0,0.0,0.0,1150.0
166,S1AC0119012,2.0,1150.0,0.0,0.0,0.0,1150.0
517,S1AC0147102,1.0,1150.0,0.0,0.0,0.0,1150.0
495,S1AC0144501,3.0,1150.0,0.0,0.0,0.0,1150.0
484,S1AC0143505,2.0,1150.0,0.0,0.0,0.0,1150.0
179,S1AC0119502,2.0,1150.0,0.0,0.0,0.0,1150.0
183,S1AC0119602,1.0,1150.0,0.0,0.0,0.0,1150.0
497,S1AC0144601,2.0,1150.0,0.0,0.0,0.0,1150.0
227,S1AC0120604,3.0,1150.0,0.0,0.0,0.0,1150.0
190,S1AC0119701,2.0,1150.0,0.0,0.0,0.0,1150.0
185,S1AC0119602,3.0,1150.0,0.0,0.0,0.0,1150.0
488,S1AC0143604,2.0,1150.0,0.0,0.0,0.0,1150.0
361,S1AC0128703,1.0,1150.0,0.0,0.0,0.0,1150.0
251,S1AC0123105,2.0,1150.0,0.0,0.0,0.0,1150.0
619,S1AC0167502,2.0,1150.0,0.0,0.0,0.0,1150.0
572,S1AC0164003,2.0,1150.0,0.0,0.0,0.0,1150.0
356,S1AC0128007,2.0,1150.0,0.0,0.0,0.0,1150.0
580,S1AC0164305,1.0,1150.0,0.0,0.0,0.0,1150.0
570,S1AC0164002,3.0,1150.0,0.0,0.0,0.0,1150.0
1,S1AC0110404,3.0,1150.0,0.0,0.0,0.0,1150.0
388,S1AC0130502,1.0,1150.0,0.0,0.0,0.0,1150.0
346,S1AC0127607,1.0,1150.0,0.0,0.0,0.0,1150.0
583,S1AC0164306,3.0,1150.0,0.0,0.0,0.0,1150.0
342,S1AC0127007,1.0,1150.0,0.0,0.0,0.0,1150.0
339,S1AC0127003,1.0,1150.0,0.0,0.0,0.0,1150.0
389,S1AC0130502,2.0,1150.0,0.0,0.0,0.0,1150.0
338,S1AC0126709,3.0,1150.0,0.0,0.0,0.0,1150.0
336,S1AC0126708,3.0,1150.0,0.0,0.0,0.0,1150.0
559,S1AC0161705,2.0,1150.0,0.0,0.0,0.0,1150.0
588,S1AC0165004,3.0,1150.0,0.0,0.0,0.0,1150.0
543,S1AC0150204,2.0,1150.0,0.0,0.0,0.0,1150.0
321,S1AC0126406,3.0,1150.0,0.0,0.0,0.0,1150.0
424,S1AC0133603,3.0,1150.0,0.0,0.0,0.0,1150.0
536,S1AC0149303,3.0,1150.0,0.0,0.0,0.0,1150.0
597,S1AC0165108,3.0,1150.0,0.0,0.0,0.0,1150.0
599,S1AC0165109,3.0,1150.0,0.0,0.0,0.0,1150.0
432,S1AC0140305,3.0,1150.0,0.0,0.0,0.0,1150.0
531,S1AC0148402,1.0,1150.0,0.0,0.0,0.0,1150.0
440,S1AC0140805,2.0,1150.0,0.0,0.0,0.0,1150.0
294,S1AC0125506,1.0,1150.0,0.0,0.0,0.0,1150.0
282,S1AC0124906,2.0,1150.0,0.0,0.0,0.0,1150.0
281,S1AC0124904,3.0,1150.0,0.0,0.0,0.0,1150.0
263,S1AC0123508,2.0,1150.0,0.0,0.0,0.0,1150.0
617,S1AC0167404,1.0,1150.0,0.0,0.0,0.0,1150.0
452,S1AC0141705,3.0,1150.0,0.0,0.0,0.0,1150.0
349,S1AC0127608,2.0,1150.0,0.0,0.0,0.0,1150.0
257,S1AC0123503,1.0,1150.0,0.0,0.0,0.0,1150.0
85,S1AC0115203,1.0,1150.0,0.0,0.0,0.0,1150.0
49,S1AC0113102,1.0,1150.0,0.0,0.0,0.0,1150.0
129,S1AC0116802,3.0,1150.0,0.0,0.0,0.0,1150.0
690,S1AC0486902,2.0,1150.0,0.0,0.0,0.0,1150.0
18,S1AC0111911,2.0,1150.0,0.0,0.0,0.0,1150.0
94,S1AC0115505,3.0,1150.0,0.0,0.0,0.0,1150.0
136,S1AC0117303,3.0,1150.0,0.0,0.0,0.0,1150.0
122,S1AC0116702,3.0,1150.0,0.0,0.0,0.0,1150.0
91,S1AC0115502,2.0,1150.0,0.0,0.0,0.0,1150.0
693,S1ECD117303,3.0,1150.0,0.0,0.0,0.0,1150.0
59,S1AC0113803,3.0,1150.0,0.0,0.0,0.0,1150.0
127,S1AC0116802,1.0,1150.0,0.0,0.0,0.0,1150.0
78,S1AC0114904,1.0,1150.0,0.0,0.0,0.0,1150.0
39,S1AC0112805,3.0,1150.0,0.0,0.0,0.0,1150.0
77,S1AC0114903,3.0,1150.0,0.0,0.0,0.0,1150.0
685,S1AC0480702,3.0,575.0,500.0,0.0,0.0,1075.0
207,S1AC0119806,3.0,575.0,0.0,0.0,500.0,1075.0
203,S1AC0119714,3.0,575.0,0.0,0.0,500.0,1075.0
228,S1AC0120802,3.0,575.0,0.0,0.0,500.0,1075.0
98,S1AC0115604,3.0,575.0,0.0,0.0,500.0,1075.0
198,S1AC0119708,3.0,575.0,500.0,0.0,0.0,1075.0
208,S1AC0119807,1.0,0.0,0.0,1000.0,0.0,1000.0
608,S1AC0166101,1.0,0.0,0.0,1000.0,0.0,1000.0
159,S1AC0118805,1.0,0.0,0.0,1000.0,0.0,1000.0
197,S1AC0119706,1.0,0.0,0.0,1000.0,0.0,1000.0
459,S1AC0142205,1.0,0.0,0.0,1000.0,0.0,1000.0
283,S1AC0124907,1.0,0.0,0.0,1000.0,0.0,1000.0
620,S1AC0167702,1.0,0.0,1000.0,0.0,0.0,1000.0
605,S1AC0166003,1.0,0.0,0.0,1000.0,0.0,1000.0
577,S1AC0164302,1.0,0.0,0.0,1000.0,0.0,1000.0
40,S1AC0112806,1.0,0.0,0.0,1000.0,0.0,1000.0
637,S1AC0172501,1.0,0.0,0.0,1000.0,0.0,1000.0
13,S1AC0111903,2.0,0.0,0.0,1000.0,0.0,1000.0
230,S1AC0120809,1.0,0.0,0.0,1000.0,0.0,1000.0
682,S1AC0411801,2.0,575.0,0.0,0.0,0.0,575.0
402,S1AC0132103,1.0,575.0,0.0,0.0,0.0,575.0
555,S1AC0161304,2.0,575.0,0.0,0.0,0.0,575.0
400,S1AC0131704,3.0,575.0,0.0,0.0,0.0,575.0
399,S1AC0131702,3.0,575.0,0.0,0.0,0.0,575.0
550,S1AC0160707,2.0,575.0,0.0,0.0,0.0,575.0
571,S1AC0164003,1.0,575.0,0.0,0.0,0.0,575.0
409,S1AC0133007,3.0,575.0,0.0,0.0,0.0,575.0
558,S1AC0161604,1.0,575.0,0.0,0.0,0.0,575.0
383,S1AC0130402,1.0,575.0,0.0,0.0,0.0,575.0
47,S1AC0112907,2.0,575.0,0.0,0.0,0.0,575.0
569,S1AC0164002,2.0,575.0,0.0,0.0,0.0,575.0
565,S1AC0162603,2.0,575.0,0.0,0.0,0.0,575.0
560,S1AC0161705,3.0,575.0,0.0,0.0,0.0,575.0
390,S1AC0130502,3.0,575.0,0.0,0.0,0.0,575.0
562,S1AC0162003,1.0,575.0,0.0,0.0,0.0,575.0
564,S1AC0162603,1.0,575.0,0.0,0.0,0.0,575.0
568,S1AC0162605,3.0,575.0,0.0,0.0,0.0,575.0
37,S1AC0112604,3.0,575.0,0.0,0.0,0.0,575.0
566,S1AC0162604,2.0,575.0,0.0,0.0,0.0,575.0
46,S1AC0112906,3.0,575.0,0.0,0.0,0.0,575.0
680,S1AC0311201,2.0,575.0,0.0,0.0,0.0,575.0
403,S1AC0132203,1.0,575.0,0.0,0.0,0.0,575.0
50,S1AC0113102,2.0,575.0,0.0,0.0,0.0,575.0
551,S1AC0160707,3.0,575.0,0.0,0.0,0.0,575.0
561,S1AC0161903,1.0,575.0,0.0,0.0,0.0,575.0
370,S1AC0128908,2.0,575.0,0.0,0.0,0.0,575.0
51,S1AC0113102,3.0,575.0,0.0,0.0,0.0,575.0
354,S1AC0127902,3.0,575.0,0.0,0.0,0.0,575.0
352,S1AC0127808,3.0,575.0,0.0,0.0,0.0,575.0
673,S1AC0183901,3.0,575.0,0.0,0.0,0.0,575.0
581,S1AC0164305,2.0,575.0,0.0,0.0,0.0,575.0
348,S1AC0127608,1.0,575.0,0.0,0.0,0.0,575.0
670,S1AC0183601,1.0,575.0,0.0,0.0,0.0,575.0
68,S1AC0114308,3.0,575.0,0.0,0.0,0.0,575.0
345,S1AC0127605,3.0,575.0,0.0,0.0,0.0,575.0
343,S1AC0127602,3.0,575.0,0.0,0.0,0.0,575.0
70,S1AC0114311,1.0,575.0,0.0,0.0,0.0,575.0
584,S1AC0164307,1.0,575.0,0.0,0.0,0.0,575.0
340,S1AC0127004,2.0,575.0,0.0,0.0,0.0,575.0
71,S1AC0114311,2.0,575.0,0.0,0.0,0.0,575.0
585,S1AC0164307,2.0,575.0,0.0,0.0,0.0,575.0
586,S1AC0164507,1.0,575.0,0.0,0.0,0.0,575.0
79,S1AC0114905,3.0,575.0,0.0,0.0,0.0,575.0
353,S1AC0127902,1.0,575.0,0.0,0.0,0.0,575.0
579,S1AC0164303,2.0,575.0,0.0,0.0,0.0,575.0
575,S1AC0164004,2.0,575.0,0.0,0.0,0.0,575.0
674,S1AC0187101,1.0,575.0,0.0,0.0,0.0,575.0
52,S1AC0113103,1.0,575.0,0.0,0.0,0.0,575.0
374,S1AC0129404,3.0,575.0,0.0,0.0,0.0,575.0
372,S1AC0129306,2.0,575.0,0.0,0.0,0.0,575.0
371,S1AC0129306,1.0,575.0,0.0,0.0,0.0,575.0
547,S1AC0160704,2.0,575.0,0.0,0.0,0.0,575.0
369,S1AC0128802,3.0,575.0,0.0,0.0,0.0,575.0
368,S1AC0128802,2.0,575.0,0.0,0.0,0.0,575.0
55,S1AC0113502,2.0,575.0,0.0,0.0,0.0,575.0
57,S1AC0113504,3.0,575.0,0.0,0.0,0.0,575.0
363,S1AC0128705,1.0,575.0,0.0,0.0,0.0,575.0
578,S1AC0164302,2.0,575.0,0.0,0.0,0.0,575.0
58,S1AC0113803,2.0,575.0,0.0,0.0,0.0,575.0
360,S1AC0128403,1.0,575.0,0.0,0.0,0.0,575.0
358,S1AC0128302,3.0,575.0,0.0,0.0,0.0,575.0
357,S1AC0128203,2.0,575.0,0.0,0.0,0.0,575.0
413,S1AC0133202,2.0,575.0,0.0,0.0,0.0,575.0
31,S1AC0112404,1.0,575.0,0.0,0.0,0.0,575.0
545,S1AC0160502,1.0,575.0,0.0,0.0,0.0,575.0
544,S1AC0150204,3.0,575.0,0.0,0.0,0.0,575.0
487,S1AC0143601,2.0,575.0,0.0,0.0,0.0,575.0
11,S1AC0111605,2.0,575.0,0.0,0.0,0.0,575.0
12,S1AC0111605,3.0,575.0,0.0,0.0,0.0,575.0
482,S1AC0143504,2.0,575.0,0.0,0.0,0.0,575.0
480,S1AC0143503,3.0,575.0,0.0,0.0,0.0,575.0
15,S1AC0111909,2.0,575.0,0.0,0.0,0.0,575.0
691,S1AC0486902,3.0,575.0,0.0,0.0,0.0,575.0
477,S1AC0143209,3.0,575.0,0.0,0.0,0.0,575.0
476,S1AC0143209,1.0,575.0,0.0,0.0,0.0,575.0
475,S1AC0143208,1.0,575.0,0.0,0.0,0.0,575.0
474,S1AC0143206,3.0,575.0,0.0,0.0,0.0,575.0
473,S1AC0143206,2.0,575.0,0.0,0.0,0.0,575.0
472,S1AC0143206,1.0,575.0,0.0,0.0,0.0,575.0
525,S1AC0148005,1.0,575.0,0.0,0.0,0.0,575.0
470,S1AC0143204,3.0,575.0,0.0,0.0,0.0,575.0
469,S1AC0143204,1.0,575.0,0.0,0.0,0.0,575.0
468,S1AC0143203,3.0,575.0,0.0,0.0,0.0,575.0
489,S1AC0144002,1.0,575.0,0.0,0.0,0.0,575.0
490,S1AC0144002,3.0,575.0,0.0,0.0,0.0,575.0
523,S1AC0148004,1.0,575.0,0.0,0.0,0.0,575.0
504,S1AC0145901,1.0,575.0,0.0,0.0,0.0,575.0
512,S1AC0146502,1.0,575.0,0.0,0.0,0.0,575.0
511,S1AC0146301,2.0,575.0,0.0,0.0,0.0,575.0
2,S1AC0111402,1.0,575.0,0.0,0.0,0.0,575.0
509,S1AC0146105,3.0,575.0,0.0,0.0,0.0,575.0
508,S1AC0146105,2.0,575.0,0.0,0.0,0.0,575.0
507,S1AC0146103,2.0,575.0,0.0,0.0,0.0,575.0
505,S1AC0145902,3.0,575.0,0.0,0.0,0.0,575.0
519,S1AC0147402,3.0,575.0,0.0,0.0,0.0,575.0
493,S1AC0144501,1.0,575.0,0.0,0.0,0.0,575.0
501,S1AC0144802,2.0,575.0,0.0,0.0,0.0,575.0
500,S1AC0144604,3.0,575.0,0.0,0.0,0.0,575.0
498,S1AC0144601,3.0,575.0,0.0,0.0,0.0,575.0
5,S1AC0111502,2.0,575.0,0.0,0.0,0.0,575.0
496,S1AC0144601,1.0,575.0,0.0,0.0,0.0,575.0
695,S1ECD178001,1.0,575.0,0.0,0.0,0.0,575.0
494,S1AC0144501,2.0,575.0,0.0,0.0,0.0,575.0
465,S1AC0142403,3.0,575.0,0.0,0.0,0.0,575.0
464,S1AC0142403,2.0,575.0,0.0,0.0,0.0,575.0
463,S1AC0142303,1.0,575.0,0.0,0.0,0.0,575.0
430,S1AC0140202,3.0,575.0,0.0,0.0,0.0,575.0
686,S1AC0480802,3.0,575.0,0.0,0.0,0.0,575.0
532,S1AC0148402,2.0,575.0,0.0,0.0,0.0,575.0
533,S1AC0148402,3.0,575.0,0.0,0.0,0.0,575.0
435,S1AC0140502,2.0,575.0,0.0,0.0,0.0,575.0
434,S1AC0140502,1.0,575.0,0.0,0.0,0.0,575.0
433,S1AC0140405,1.0,575.0,0.0,0.0,0.0,575.0
30,S1AC0112302,1.0,575.0,0.0,0.0,0.0,575.0
149,S1AC0118103,1.0,575.0,0.0,0.0,0.0,575.0
27,S1AC0112107,2.0,575.0,0.0,0.0,0.0,575.0
428,S1AC0135302,1.0,575.0,0.0,0.0,0.0,575.0
32,S1AC0112404,3.0,575.0,0.0,0.0,0.0,575.0
538,S1AC0149803,2.0,575.0,0.0,0.0,0.0,575.0
35,S1AC0112504,3.0,575.0,0.0,0.0,0.0,575.0
540,S1AC0150002,3.0,575.0,0.0,0.0,0.0,575.0
542,S1AC0150204,1.0,575.0,0.0,0.0,0.0,575.0
36,S1AC0112602,3.0,575.0,0.0,0.0,0.0,575.0
530,S1AC0148009,3.0,575.0,0.0,0.0,0.0,575.0
441,S1AC0140805,3.0,575.0,0.0,0.0,0.0,575.0
20,S1AC0112005,1.0,575.0,0.0,0.0,0.0,575.0
451,S1AC0141601,3.0,575.0,0.0,0.0,0.0,575.0
461,S1AC0142206,2.0,575.0,0.0,0.0,0.0,575.0
460,S1AC0142206,1.0,575.0,0.0,0.0,0.0,575.0
21,S1AC0112005,3.0,575.0,0.0,0.0,0.0,575.0
456,S1AC0142203,2.0,575.0,0.0,0.0,0.0,575.0
454,S1AC0142202,2.0,575.0,0.0,0.0,0.0,575.0
527,S1AC0148005,3.0,575.0,0.0,0.0,0.0,575.0
25,S1AC0112102,1.0,575.0,0.0,0.0,0.0,575.0
450,S1AC0141403,1.0,575.0,0.0,0.0,0.0,575.0
442,S1AC0141001,1.0,575.0,0.0,0.0,0.0,575.0
449,S1AC0141302,2.0,575.0,0.0,0.0,0.0,575.0
448,S1AC0141208,3.0,575.0,0.0,0.0,0.0,575.0
447,S1AC0141208,1.0,575.0,0.0,0.0,0.0,575.0
446,S1AC0141206,1.0,575.0,0.0,0.0,0.0,575.0
445,S1AC0141203,1.0,575.0,0.0,0.0,0.0,575.0
687,S1AC0481403,1.0,575.0,0.0,0.0,0.0,575.0
529,S1AC0148009,2.0,575.0,0.0,0.0,0.0,575.0
587,S1AC0165003,1.0,575.0,0.0,0.0,0.0,575.0
150,S1AC0118103,2.0,575.0,0.0,0.0,0.0,575.0
80,S1AC0115103,3.0,575.0,0.0,0.0,0.0,575.0
233,S1AC0120810,1.0,575.0,0.0,0.0,0.0,575.0
229,S1AC0120804,3.0,575.0,0.0,0.0,0.0,575.0
226,S1AC0120604,1.0,575.0,0.0,0.0,0.0,575.0
225,S1AC0120602,1.0,575.0,0.0,0.0,0.0,575.0
630,S1AC0170802,2.0,575.0,0.0,0.0,0.0,575.0
223,S1AC0120401,2.0,575.0,0.0,0.0,0.0,575.0
222,S1AC0120305,3.0,575.0,0.0,0.0,0.0,575.0
221,S1AC0120305,2.0,575.0,0.0,0.0,0.0,575.0
219,S1AC0120303,2.0,575.0,0.0,0.0,0.0,575.0
218,S1AC0120303,1.0,575.0,0.0,0.0,0.0,575.0
124,S1AC0116703,2.0,575.0,0.0,0.0,0.0,575.0
125,S1AC0116801,1.0,575.0,0.0,0.0,0.0,575.0
126,S1AC0116801,2.0,575.0,0.0,0.0,0.0,575.0
212,S1AC0119808,3.0,575.0,0.0,0.0,0.0,575.0
128,S1AC0116802,2.0,575.0,0.0,0.0,0.0,575.0
210,S1AC0119808,1.0,575.0,0.0,0.0,0.0,575.0
121,S1AC0116602,3.0,575.0,0.0,0.0,0.0,575.0
234,S1AC0120810,2.0,575.0,0.0,0.0,0.0,575.0
206,S1AC0119806,1.0,575.0,0.0,0.0,0.0,575.0
118,S1AC0116402,3.0,575.0,0.0,0.0,0.0,575.0
621,S1AC0167703,2.0,575.0,0.0,0.0,0.0,575.0
252,S1AC0123203,2.0,575.0,0.0,0.0,0.0,575.0
114,S1AC0116007,3.0,575.0,0.0,0.0,0.0,575.0
250,S1AC0122905,1.0,575.0,0.0,0.0,0.0,575.0
249,S1AC0122903,2.0,575.0,0.0,0.0,0.0,575.0
116,S1AC0116103,3.0,575.0,0.0,0.0,0.0,575.0
622,S1AC0167703,3.0,575.0,0.0,0.0,0.0,575.0
246,S1AC0121903,3.0,575.0,0.0,0.0,0.0,575.0
245,S1AC0121903,2.0,575.0,0.0,0.0,0.0,575.0
81,S1AC0115105,3.0,575.0,0.0,0.0,0.0,575.0
243,S1AC0121804,3.0,575.0,0.0,0.0,0.0,575.0
242,S1AC0121804,2.0,575.0,0.0,0.0,0.0,575.0
117,S1AC0116109,2.0,575.0,0.0,0.0,0.0,575.0
624,S1AC0169302,3.0,575.0,0.0,0.0,0.0,575.0
238,S1AC0121702,3.0,575.0,0.0,0.0,0.0,575.0
634,S1AC0171102,3.0,575.0,0.0,0.0,0.0,575.0
205,S1AC0119805,2.0,575.0,0.0,0.0,0.0,575.0
113,S1AC0116007,1.0,575.0,0.0,0.0,0.0,575.0
640,S1AC0172702,1.0,575.0,0.0,0.0,0.0,575.0
168,S1AC0119108,1.0,575.0,0.0,0.0,0.0,575.0
143,S1AC0117503,2.0,575.0,0.0,0.0,0.0,575.0
651,S1AC0175402,2.0,575.0,0.0,0.0,0.0,575.0
145,S1AC0117705,1.0,575.0,0.0,0.0,0.0,575.0
646,S1AC0174102,2.0,575.0,0.0,0.0,0.0,575.0
163,S1AC0119007,2.0,575.0,0.0,0.0,0.0,575.0
162,S1AC0119007,1.0,575.0,0.0,0.0,0.0,575.0
161,S1AC0119004,2.0,575.0,0.0,0.0,0.0,575.0
647,S1AC0174103,2.0,575.0,0.0,0.0,0.0,575.0
147,S1AC0117705,3.0,575.0,0.0,0.0,0.0,575.0
157,S1AC0118607,3.0,575.0,0.0,0.0,0.0,575.0
156,S1AC0118607,1.0,575.0,0.0,0.0,0.0,575.0
155,S1AC0118605,1.0,575.0,0.0,0.0,0.0,575.0
154,S1AC0118604,1.0,575.0,0.0,0.0,0.0,575.0
648,S1AC0174103,3.0,575.0,0.0,0.0,0.0,575.0
641,S1AC0172702,3.0,575.0,0.0,0.0,0.0,575.0
176,S1AC0119404,1.0,575.0,0.0,0.0,0.0,575.0
201,S1AC0119711,3.0,575.0,0.0,0.0,0.0,575.0
638,S1AC0172501,2.0,575.0,0.0,0.0,0.0,575.0
200,S1AC0119710,2.0,575.0,0.0,0.0,0.0,575.0
199,S1AC0119709,1.0,575.0,0.0,0.0,0.0,575.0
196,S1AC0119704,1.0,575.0,0.0,0.0,0.0,575.0
195,S1AC0119702,3.0,575.0,0.0,0.0,0.0,575.0
658,S1AC0178802,1.0,575.0,0.0,0.0,0.0,575.0
134,S1AC0117303,1.0,575.0,0.0,0.0,0.0,575.0
191,S1AC0119701,3.0,575.0,0.0,0.0,0.0,575.0
135,S1AC0117303,2.0,575.0,0.0,0.0,0.0,575.0
188,S1AC0119605,3.0,575.0,0.0,0.0,0.0,575.0
186,S1AC0119604,1.0,575.0,0.0,0.0,0.0,575.0
137,S1AC0117304,2.0,575.0,0.0,0.0,0.0,575.0
182,S1AC0119504,3.0,575.0,0.0,0.0,0.0,575.0
181,S1AC0119503,3.0,575.0,0.0,0.0,0.0,575.0
180,S1AC0119502,3.0,575.0,0.0,0.0,0.0,575.0
141,S1AC0117401,2.0,575.0,0.0,0.0,0.0,575.0
254,S1AC0123302,3.0,575.0,0.0,0.0,0.0,575.0
244,S1AC0121903,1.0,575.0,0.0,0.0,0.0,575.0
112,S1AC0116006,3.0,575.0,0.0,0.0,0.0,575.0
310,S1AC0126104,3.0,575.0,0.0,0.0,0.0,575.0
664,S1AC0181902,3.0,575.0,0.0,0.0,0.0,575.0
598,S1AC0165109,2.0,575.0,0.0,0.0,0.0,575.0
90,S1AC0115308,2.0,575.0,0.0,0.0,0.0,575.0
92,S1AC0115504,1.0,575.0,0.0,0.0,0.0,575.0
93,S1AC0115505,2.0,575.0,0.0,0.0,0.0,575.0
301,S1AC0125707,2.0,575.0,0.0,0.0,0.0,575.0
95,S1AC0115509,3.0,575.0,0.0,0.0,0.0,575.0
96,S1AC0115602,2.0,575.0,0.0,0.0,0.0,575.0
295,S1AC0125507,1.0,575.0,0.0,0.0,0.0,575.0
606,S1AC0166005,3.0,575.0,0.0,0.0,0.0,575.0
290,S1AC0125203,3.0,575.0,0.0,0.0,0.0,575.0
100,S1AC0115705,3.0,575.0,0.0,0.0,0.0,575.0
288,S1AC0125005,3.0,575.0,0.0,0.0,0.0,575.0
287,S1AC0125005,2.0,575.0,0.0,0.0,0.0,575.0
286,S1AC0125003,2.0,575.0,0.0,0.0,0.0,575.0
309,S1AC0126104,1.0,575.0,0.0,0.0,0.0,575.0
311,S1AC0126203,1.0,575.0,0.0,0.0,0.0,575.0
101,S1AC0115801,1.0,575.0,0.0,0.0,0.0,575.0
88,S1AC0115208,1.0,575.0,0.0,0.0,0.0,575.0
589,S1AC0165005,3.0,575.0,0.0,0.0,0.0,575.0
328,S1AC0126604,3.0,575.0,0.0,0.0,0.0,575.0
327,S1AC0126602,2.0,575.0,0.0,0.0,0.0,575.0
326,S1AC0126510,3.0,575.0,0.0,0.0,0.0,575.0
325,S1AC0126510,1.0,575.0,0.0,0.0,0.0,575.0
84,S1AC0115106,2.0,575.0,0.0,0.0,0.0,575.0
323,S1AC0126508,3.0,575.0,0.0,0.0,0.0,575.0
592,S1AC0165102,2.0,575.0,0.0,0.0,0.0,575.0
593,S1AC0165102,3.0,575.0,0.0,0.0,0.0,575.0
86,S1AC0115203,2.0,575.0,0.0,0.0,0.0,575.0
318,S1AC0126308,2.0,575.0,0.0,0.0,0.0,575.0
317,S1AC0126305,3.0,575.0,0.0,0.0,0.0,575.0
595,S1AC0165106,3.0,575.0,0.0,0.0,0.0,575.0
315,S1AC0126207,3.0,575.0,0.0,0.0,0.0,575.0
87,S1AC0115205,1.0,575.0,0.0,0.0,0.0,575.0
285,S1AC0125003,1.0,575.0,0.0,0.0,0.0,575.0
292,S1AC0125302,3.0,575.0,0.0,0.0,0.0,575.0
268,S1AC0123802,2.0,575.0,0.0,0.0,0.0,575.0
610,S1AC0166101,3.0,575.0,0.0,0.0,0.0,575.0
258,S1AC0123503,2.0,575.0,0.0,0.0,0.0,575.0
111,S1AC0116006,1.0,575.0,0.0,0.0,0.0,575.0
261,S1AC0123505,3.0,575.0,0.0,0.0,0.0,575.0
106,S1AC0115805,3.0,575.0,0.0,0.0,0.0,575.0
615,S1AC0166604,3.0,575.0,0.0,0.0,0.0,575.0
104,S1AC0115804,2.0,575.0,0.0,0.0,0.0,575.0
613,S1AC0166502,1.0,575.0,0.0,0.0,0.0,575.0
269,S1AC0123805,1.0,575.0,0.0,0.0,0.0,575.0
612,S1AC0166204,2.0,575.0,0.0,0.0,0.0,575.0
271,S1AC0123805,3.0,575.0,0.0,0.0,0.0,575.0
663,S1AC0181902,1.0,575.0,0.0,0.0,0.0,575.0
273,S1AC0124406,2.0,575.0,0.0,0.0,0.0,575.0
332,S1AC0126707,1.0,575.0,0.0,0.0,0.0,575.0
280,S1AC0124904,2.0,575.0,0.0,0.0,0.0,575.0
279,S1AC0124904,1.0,575.0,0.0,0.0,0.0,575.0
275,S1AC0124604,1.0,575.0,0.0,0.0,0.0,575.0
102,S1AC0115801,2.0,575.0,0.0,0.0,0.0,575.0
609,S1AC0166101,2.0,575.0,0.0,0.0,0.0,575.0
278,S1AC0124609,2.0,575.0,0.0,0.0,0.0,575.0
643,S1AC0172801,8.0,0.0,0.0,0.0,500.0,500.0
522,S1AC0147405,3.0,0.0,500.0,0.0,0.0,500.0
644,S1AC0172802,7.0,0.0,0.0,0.0,500.0,500.0
645,S1AC0174002,3.0,0.0,0.0,0.0,500.0,500.0
678,S1AC0187901,4.0,0.0,0.0,0.0,500.0,500.0
662,S1AC0181302,7.0,0.0,0.0,0.0,500.0,500.0
541,S1AC0150003,3.0,0.0,0.0,0.0,500.0,500.0
521,S1AC0147404,4.0,0.0,0.0,0.0,500.0,500.0
669,S1AC0182302,10.0,0.0,0.0,0.0,500.0,500.0
553,S1AC0161303,3.0,0.0,0.0,0.0,500.0,500.0
520,S1AC0147402,4.0,0.0,0.0,0.0,500.0,500.0
642,S1AC0172703,7.0,0.0,0.0,0.0,500.0,500.0
616,S1AC0167302,4.0,0.0,0.0,0.0,500.0,500.0
632,S1AC0170902,4.0,0.0,0.0,0.0,500.0,500.0
696,S1ECD178001,7.0,0.0,0.0,0.0,500.0,500.0
546,S1AC0160502,6.0,0.0,0.0,0.0,500.0,500.0
660,S1AC0179102,8.0,0.0,0.0,0.0,500.0,500.0
548,S1AC0160705,3.0,0.0,0.0,0.0,500.0,500.0
549,S1AC0160706,3.0,0.0,0.0,0.0,500.0,500.0
607,S1AC0166007,3.0,0.0,500.0,0.0,0.0,500.0
652,S1AC0176102,7.0,0.0,0.0,0.0,500.0,500.0
671,S1AC0183601,7.0,0.0,0.0,0.0,500.0,500.0
694,S1ECD142302,7.0,0.0,0.0,0.0,500.0,500.0
625,S1AC0169602,4.0,0.0,0.0,0.0,500.0,500.0
677,S1AC0187302,5.0,0.0,0.0,0.0,500.0,500.0
629,S1AC0170101,8.0,0.0,0.0,0.0,500.0,500.0
603,S1AC0165805,1.0,0.0,0.0,0.0,500.0,500.0
602,S1AC0165802,2.0,0.0,0.0,0.0,500.0,500.0
657,S1AC0178202,6.0,0.0,0.0,0.0,500.0,500.0
627,S1AC0170004,7.0,0.0,0.0,0.0,500.0,500.0
626,S1AC0170002,7.0,0.0,0.0,0.0,500.0,500.0
600,S1AC0165303,3.0,0.0,0.0,0.0,500.0,500.0
636,S1AC0172003,4.0,0.0,0.0,0.0,500.0,500.0
689,S1AC0485702,5.0,0.0,0.0,0.0,500.0,500.0
576,S1AC0164203,8.0,0.0,0.0,0.0,500.0,500.0
659,S1AC0179101,4.0,0.0,0.0,0.0,500.0,500.0
653,S1AC0177102,7.0,0.0,0.0,0.0,500.0,500.0
563,S1AC0162602,1.0,0.0,0.0,0.0,500.0,500.0
688,S1AC0482702,5.0,0.0,0.0,0.0,500.0,500.0
631,S1AC0170901,3.0,0.0,0.0,0.0,500.0,500.0
684,S1AC0480502,3.0,0.0,0.0,0.0,500.0,500.0
537,S1AC0149402,3.0,0.0,0.0,0.0,500.0,500.0
639,S1AC0172501,7.0,0.0,0.0,0.0,500.0,500.0
683,S1AC0480103,4.0,0.0,0.0,0.0,500.0,500.0
692,S1AC0486903,9.0,0.0,0.0,0.0,500.0,500.0
596,S1AC0165107,7.0,0.0,0.0,0.0,500.0,500.0
679,S1AC0188802,10.0,0.0,0.0,0.0,500.0,500.0
697,S1ECD181102,7.0,0.0,0.0,0.0,500.0,500.0
291,S1AC0125203,5.0,0.0,0.0,0.0,500.0,500.0
351,S1AC0127806,4.0,0.0,0.0,0.0,500.0,500.0
89,S1AC0115208,3.0,0.0,0.0,0.0,500.0,500.0
272,S1AC0124403,3.0,0.0,0.0,0.0,500.0,500.0
274,S1AC0124601,3.0,0.0,0.0,0.0,500.0,500.0
276,S1AC0124606,4.0,0.0,0.0,0.0,500.0,500.0
82,S1AC0115105,4.0,0.0,0.0,0.0,500.0,500.0
284,S1AC0124907,3.0,0.0,0.0,0.0,500.0,500.0
75,S1AC0114902,3.0,0.0,0.0,0.0,500.0,500.0
293,S1AC0125303,3.0,0.0,0.0,0.0,500.0,500.0
74,S1AC0114501,7.0,0.0,0.0,0.0,500.0,500.0
73,S1AC0114401,8.0,0.0,0.0,0.0,500.0,500.0
69,S1AC0114309,4.0,0.0,0.0,0.0,500.0,500.0
302,S1AC0125707,3.0,0.0,0.0,0.0,500.0,500.0
303,S1AC0125801,4.0,0.0,0.0,0.0,500.0,500.0
306,S1AC0125805,3.0,0.0,0.0,0.0,500.0,500.0
67,S1AC0114302,3.0,0.0,0.0,0.0,500.0,500.0
312,S1AC0126205,3.0,0.0,0.0,0.0,500.0,500.0
314,S1AC0126206,3.0,0.0,0.0,0.0,500.0,500.0
66,S1AC0114206,2.0,0.0,0.0,0.0,500.0,500.0
65,S1AC0114205,3.0,0.0,0.0,0.0,500.0,500.0
320,S1AC0126406,1.0,0.0,500.0,0.0,0.0,500.0
64,S1AC0114102,3.0,0.0,0.0,0.0,500.0,500.0
324,S1AC0126509,3.0,0.0,0.0,0.0,500.0,500.0
329,S1AC0126605,4.0,0.0,0.0,0.0,500.0,500.0
331,S1AC0126703,3.0,0.0,0.0,0.0,500.0,500.0
333,S1AC0126707,2.0,0.0,0.0,0.0,500.0,500.0
61,S1AC0114002,8.0,0.0,0.0,0.0,500.0,500.0
337,S1AC0126709,2.0,0.0,0.0,0.0,500.0,500.0
344,S1AC0127603,3.0,0.0,0.0,0.0,500.0,500.0
144,S1AC0117702,7.0,0.0,0.0,0.0,500.0,500.0
267,S1AC0123702,1.0,0.0,0.0,0.0,500.0,500.0
266,S1AC0123510,5.0,0.0,0.0,0.0,500.0,500.0
262,S1AC0123506,4.0,0.0,0.0,0.0,500.0,500.0
209,S1AC0119807,2.0,0.0,0.0,0.0,500.0,500.0
153,S1AC0118402,8.0,0.0,0.0,0.0,500.0,500.0
160,S1AC0118901,8.0,0.0,0.0,0.0,500.0,500.0
164,S1AC0119011,7.0,0.0,0.0,0.0,500.0,500.0
169,S1AC0119108,10.0,0.0,0.0,0.0,500.0,500.0
170,S1AC0119202,5.0,0.0,0.0,0.0,500.0,500.0
171,S1AC0119301,3.0,0.0,0.0,0.0,500.0,500.0
173,S1AC0119302,3.0,0.0,0.0,0.0,500.0,500.0
174,S1AC0119402,3.0,0.0,0.0,0.0,500.0,500.0
175,S1AC0119403,2.0,0.0,0.0,0.0,500.0,500.0
177,S1AC0119404,7.0,0.0,0.0,0.0,500.0,500.0
140,S1AC0117305,12.0,0.0,0.0,0.0,500.0,500.0
189,S1AC0119701,1.0,0.0,500.0,0.0,0.0,500.0
192,S1AC0119701,4.0,0.0,0.0,0.0,500.0,500.0
216,S1AC0120102,7.0,0.0,0.0,0.0,500.0,500.0
259,S1AC0123504,3.0,0.0,0.0,0.0,500.0,500.0
217,S1AC0120202,3.0,0.0,0.0,0.0,500.0,500.0
138,S1AC0117304,9.0,0.0,0.0,0.0,500.0,500.0
133,S1AC0117302,12.0,0.0,0.0,0.0,500.0,500.0
132,S1AC0117201,10.0,0.0,0.0,0.0,500.0,500.0
236,S1AC0121003,3.0,0.0,0.0,0.0,500.0,500.0
237,S1AC0121401,8.0,0.0,0.0,0.0,500.0,500.0
131,S1AC0117005,7.0,0.0,0.0,0.0,500.0,500.0
108,S1AC0115907,3.0,0.0,0.0,0.0,500.0,500.0
241,S1AC0121801,7.0,0.0,0.0,0.0,500.0,500.0
247,S1AC0122402,7.0,0.0,0.0,0.0,500.0,500.0
253,S1AC0123301,6.0,0.0,0.0,0.0,500.0,500.0
255,S1AC0123401,7.0,0.0,0.0,0.0,500.0,500.0
107,S1AC0115905,3.0,0.0,0.0,0.0,500.0,500.0
350,S1AC0127704,8.0,0.0,0.0,0.0,500.0,500.0
54,S1AC0113402,7.0,0.0,0.0,0.0,500.0,500.0
355,S1AC0128007,1.0,0.0,500.0,0.0,0.0,500.0
412,S1AC0133104,7.0,0.0,0.0,0.0,500.0,500.0
415,S1AC0133303,7.0,0.0,0.0,0.0,500.0,500.0
416,S1AC0133304,7.0,0.0,0.0,0.0,500.0,500.0
417,S1AC0133403,1.0,0.0,500.0,0.0,0.0,500.0
19,S1AC0112002,4.0,0.0,0.0,0.0,500.0,500.0
419,S1AC0133403,7.0,0.0,0.0,0.0,500.0,500.0
420,S1AC0133404,7.0,0.0,0.0,0.0,500.0,500.0
17,S1AC0111910,3.0,0.0,0.0,0.0,500.0,500.0
9,S1AC0111604,3.0,0.0,0.0,0.0,500.0,500.0
423,S1AC0133602,7.0,0.0,0.0,0.0,500.0,500.0
425,S1AC0133603,7.0,0.0,0.0,0.0,500.0,500.0
426,S1AC0134402,7.0,0.0,0.0,0.0,500.0,500.0
427,S1AC0134602,7.0,0.0,0.0,0.0,500.0,500.0
429,S1AC0140103,11.0,0.0,0.0,0.0,500.0,500.0
436,S1AC0140602,5.0,0.0,0.0,0.0,500.0,500.0
438,S1AC0140702,3.0,0.0,0.0,0.0,500.0,500.0
439,S1AC0140804,6.0,0.0,0.0,0.0,500.0,500.0
443,S1AC0141001,7.0,0.0,0.0,0.0,500.0,500.0
444,S1AC0141006,2.0,0.0,0.0,0.0,500.0,500.0
7,S1AC0111603,3.0,0.0,0.0,0.0,500.0,500.0
462,S1AC0142302,4.0,0.0,0.0,0.0,500.0,500.0
471,S1AC0143205,4.0,0.0,0.0,0.0,500.0,500.0
478,S1AC0143211,7.0,0.0,0.0,0.0,500.0,500.0
491,S1AC0144003,4.0,0.0,0.0,0.0,500.0,500.0
492,S1AC0144104,3.0,0.0,0.0,0.0,500.0,500.0
6,S1AC0111602,3.0,0.0,0.0,0.0,500.0,500.0
502,S1AC0145802,4.0,0.0,0.0,0.0,500.0,500.0
503,S1AC0145804,4.0,0.0,0.0,0.0,500.0,500.0
4,S1AC0111403,3.0,0.0,0.0,0.0,500.0,500.0
506,S1AC0146101,4.0,0.0,0.0,0.0,500.0,500.0
414,S1AC0133302,7.0,0.0,0.0,0.0,500.0,500.0
142,S1AC0117403,4.0,0.0,0.0,0.0,500.0,500.0
411,S1AC0133103,7.0,0.0,0.0,0.0,500.0,500.0
393,S1AC0130803,7.0,0.0,0.0,0.0,500.0,500.0
366,S1AC0128706,3.0,0.0,0.0,0.0,500.0,500.0
373,S1AC0129402,3.0,0.0,0.0,0.0,500.0,500.0
48,S1AC0112911,11.0,0.0,0.0,0.0,500.0,500.0
44,S1AC0112905,3.0,0.0,0.0,0.0,500.0,500.0
380,S1AC0129806,3.0,0.0,0.0,0.0,500.0,500.0
42,S1AC0112902,4.0,0.0,0.0,0.0,500.0,500.0
382,S1AC0130304,7.0,0.0,0.0,0.0,500.0,500.0
384,S1AC0130402,7.0,0.0,0.0,0.0,500.0,500.0
41,S1AC0112807,4.0,0.0,0.0,0.0,500.0,500.0
386,S1AC0130403,7.0,0.0,0.0,0.0,500.0,500.0
387,S1AC0130404,7.0,0.0,0.0,0.0,500.0,500.0
33,S1AC0112503,1.0,0.0,0.0,0.0,500.0,500.0
410,S1AC0133008,7.0,0.0,0.0,0.0,500.0,500.0
392,S1AC0130603,8.0,0.0,0.0,0.0,500.0,500.0
394,S1AC0131304,7.0,0.0,0.0,0.0,500.0,500.0
23,S1AC0112013,3.0,0.0,0.0,0.0,500.0,500.0
395,S1AC0131308,7.0,0.0,0.0,0.0,500.0,500.0
396,S1AC0131502,7.0,0.0,0.0,0.0,500.0,500.0
397,S1AC0131505,7.0,0.0,0.0,0.0,500.0,500.0
408,S1AC0133006,7.0,0.0,0.0,0.0,500.0,500.0
398,S1AC0131602,8.0,0.0,0.0,0.0,500.0,500.0
407,S1AC0133005,7.0,0.0,0.0,0.0,500.0,500.0
28,S1AC0112202,3.0,0.0,0.0,0.0,500.0,500.0
53,S1AC0113103,2.0,0.0,0.0,0.0,0.0,0.0
676,S1AC0187302,2.0,0.0,0.0,0.0,0.0,0.0
105,S1AC0115805,1.0,0.0,0.0,0.0,0.0,0.0
22,S1AC0112013,1.0,0.0,0.0,0.0,0.0,0.0
63,S1AC0114102,2.0,0.0,0.0,0.0,0.0,0.0
26,S1AC0112102,3.0,0.0,0.0,0.0,0.0,0.0
656,S1AC0177503,2.0,0.0,0.0,0.0,0.0,0.0
29,S1AC0112204,2.0,0.0,0.0,0.0,0.0,0.0
654,S1AC0177502,1.0,0.0,0.0,0.0,0.0,0.0
34,S1AC0112504,1.0,0.0,0.0,0.0,0.0,0.0
8,S1AC0111604,1.0,0.0,0.0,0.0,0.0,0.0
103,S1AC0115804,1.0,0.0,0.0,0.0,0.0,0.0
515,S1AC0146704,3.0,0.0,0.0,0.0,0.0,0.0
152,S1AC0118210,2.0,0.0,0.0,0.0,0.0,0.0
556,S1AC0161603,1.0,0.0,0.0,0.0,0.0,0.0
582,S1AC0164306,1.0,0.0,0.0,0.0,0.0,0.0
362,S1AC0128703,3.0,0.0,0.0,0.0,0.0,0.0
377,S1AC0129805,1.0,0.0,0.0,0.0,0.0,0.0
574,S1AC0164004,1.0,0.0,0.0,0.0,0.0,0.0
381,S1AC0130303,3.0,0.0,0.0,0.0,0.0,0.0
385,S1AC0130403,3.0,0.0,0.0,0.0,0.0,0.0
567,S1AC0162604,3.0,0.0,0.0,0.0,0.0,0.0
391,S1AC0130603,3.0,0.0,0.0,0.0,0.0,0.0
557,S1AC0161603,2.0,0.0,0.0,0.0,0.0,0.0
401,S1AC0131707,3.0,0.0,0.0,0.0,0.0,0.0
335,S1AC0126708,2.0,0.0,0.0,0.0,0.0,0.0
404,S1AC0132203,2.0,0.0,0.0,0.0,0.0,0.0
406,S1AC0133005,1.0,0.0,0.0,0.0,0.0,0.0
418,S1AC0133403,2.0,0.0,0.0,0.0,0.0,0.0
421,S1AC0133405,2.0,0.0,0.0,0.0,0.0,0.0
422,S1AC0133602,2.0,0.0,0.0,0.0,0.0,0.0
437,S1AC0140702,1.0,0.0,0.0,0.0,0.0,0.0
453,S1AC0142202,1.0,0.0,0.0,0.0,0.0,0.0
499,S1AC0144604,1.0,0.0,0.0,0.0,0.0,0.0
518,S1AC0147402,1.0,0.0,0.0,0.0,0.0,0.0
341,S1AC0127006,1.0,0.0,0.0,0.0,0.0,0.0
591,S1AC0165007,3.0,0.0,0.0,0.0,0.0,0.0
649,S1AC0174302,2.0,0.0,0.0,0.0,0.0,0.0
260,S1AC0123505,1.0,0.0,0.0,0.0,0.0,0.0
178,S1AC0119407,1.0,0.0,0.0,0.0,0.0,0.0
187,S1AC0119604,3.0,0.0,0.0,0.0,0.0,0.0
220,S1AC0120304,3.0,0.0,0.0,0.0,0.0,0.0
224,S1AC0120401,3.0,0.0,0.0,0.0,0.0,0.0
231,S1AC0120809,2.0,0.0,0.0,0.0,0.0,0.0
232,S1AC0120809,3.0,0.0,0.0,0.0,0.0,0.0
239,S1AC0121704,1.0,0.0,0.0,0.0,0.0,0.0
240,S1AC0121704,3.0,0.0,0.0,0.0,0.0,0.0
256,S1AC0123402,1.0,0.0,0.0,0.0,0.0,0.0
264,S1AC0123509,1.0,0.0,0.0,0.0,0.0,0.0
322,S1AC0126508,1.0,0.0,0.0,0.0,0.0,0.0
270,S1AC0123805,2.0,0.0,0.0,0.0,0.0,0.0
277,S1AC0124609,1.0,0.0,0.0,0.0,0.0,0.0
513,S1AC0146502,3.0,0.0,0.0,0.0,0.0,0.0
604,S1AC0166002,1.0,0.0,0.0,0.0,0.0,0.0
297,S1AC0125705,1.0,0.0,0.0,0.0,0.0,0.0
298,S1AC0125705,2.0,0.0,0.0,0.0,0.0,0.0
307,S1AC0125806,2.0,0.0,0.0,0.0,0.0,0.0
316,S1AC0126304,1.0,0.0,0.0,0.0,0.0,0.0
594,S1AC0165104,3.0,0.0,0.0,0.0,0.0,0.0
0,S1AC0110403,1.0,0.0,0.0,0.0,0.0,0.0
